100 7412080755407364 0.002850
101 11118121133111046 0.003346
102 16677181699666569 0.003952
103 22236242266222092 0.003620
104 33354363399333138 0.003622
105 50031545098999707 0.002885
106 66708726798666276 0.003112
107 100063090197999414 0.003077
108 150094635296999121 0.003055
109 200126180395998828 0.003126
110 300189270593998242 0.003086
111 450283905890997363 0.003817
112 600378541187996484 0.003377
113 900567811781994726 0.003496
114 1350851717672992089 0.003361
115 1801135623563989452 0.003400
116 2701703435345984178 0.003456
117 4052555153018976267 0.003592
118 5403406870691968356 0.004795
119 8105110306037952534 0.003671
120 12157665459056928801 0.003674
121 16210220612075905068 0.003765
122 24315330918113857602 0.003859
123 36472996377170786403 0.003956
124 48630661836227715204 0.003969
125 72945992754341572806 0.004047
126 109418989131512359209 0.004317
127 145891985508683145612 0.004533
128 218837978263024718418 0.004692
129 328256967394537077627 0.004370
130 437675956526049436836 0.004411
131 656513934789074155254 0.004439
132 984770902183611232881 0.004736
133 1313027869578148310508 0.004712
134 1969541804367222465762 0.004663
135 2954312706550833698643 0.004719
136 3939083608734444931524 0.004808
137 5908625413101667397286 0.005499
138 8862938119652501095929 0.006921
139 11817250826203334794572 0.005496
140 17725876239305002191858 0.005090
141 26588814358957503287787 0.005164
142 35451752478610004383716 0.005297
143 53177628717915006575574 0.005277
144 79766443076872509863361 0.005435
145 106355257435830013151148 0.005714
146 159532886153745019726722 0.005898
147 239299329230617529590083 0.005643
148 319065772307490039453444 0.005703
149 478598658461235059180166 0.005789
150 717897987691852588770249 0.005875
151 957197316922470118360332 0.005972
152 1435795975383705177540498 0.005985
153 2153693963075557766310747 0.006102
154 2871591950767410355080996 0.006098
155 4307387926151115532621494 0.006134
156 6461081889226673298932241 0.006356
157 8614775852302231065242988 0.006396
158 12922163778453346597864482 0.006464
159 19383245667680019896796723 0.006491
160 25844327556906693195728964 0.006631
161 38766491335360039793593446 0.006653
162 58149737003040059690390169 0.006778
163 77532982670720079587186892 0.006879
164 116299474006080119380780338 0.006934
165 174449211009120179071170507 0.007079
166 232598948012160238761560676 0.007137
167 348898422018240358142341014 0.007305
168 523347633027360537213511521 0.007335
169 697796844036480716284682028 0.007411
170 1046695266054721074427023042 0.007430
171 1570042899082081611640534563 0.007525
172 2093390532109442148854046084 0.007581
173 3140085798164163223281069126 0.007702
174 4710128697246244834921603689 0.007892
175 6280171596328326446562138252 0.007897
176 9420257394492489669843207378 0.008031
177 14130386091738734504764811067 0.008070
178 18840514788984979339686414756 0.008174
179 28260772183477469009529622134 0.008334
180 42391158275216203514294433201 0.009080
181 56521544366954938019059244268 0.008955
182 84782316550432407028588866402 0.008595
183 127173474825648610542883299603 0.008686
184 169564633100864814057177732804 0.008866
185 254346949651297221085766599206 0.009230
186 381520424476945831628649898809 0.008937
187 508693899302594442171533198412 0.009082
188 763040848953891663257299797618 0.009131
189 1144561273430837494885949696427 0.009184
190 1526081697907783326514599595236 0.011727
191 2289122546861674989771899392854 0.009852
192 3433683820292512484657849089281 0.009706
193 4578245093723349979543798785708 0.009576
194 6867367640585024969315698178562 0.009764
195 10301051460877537453973547267843 0.009767
196 13734735281170049938631396357124 0.009966
197 20602102921755074907947094535686 0.010031
198 30903154382632612361920641803529 0.010312
199 41204205843510149815894189071372 0.010259
200 61806308765265224723841283607058 0.010334
201 92709463147897837085761925410587 0.010542
202 123612617530530449447682567214116 0.010564
203 185418926295795674171523850821174 0.010536
204 278128389443693511257285776231761 0.010695
205 370837852591591348343047701642348 0.010819
206 556256778887387022514571552463522 0.010961
207 834385168331080533771857328695283 0.013950
208 1112513557774774045029143104927044 0.018581
209 1668770336662161067543714657390566 0.011777
210 2503155504993241601315571986085849 0.011510
211 3337540673324322135087429314781132 0.011677
212 5006311009986483202631143972171698 0.011614
213 7509466514979724803946715958257547 0.011802
214 10012622019972966405262287944343396 0.011922
215 15018933029959449607893431916515094 0.011927
216 22528399544939174411840147874772641 0.012035
217 30037866059918899215786863833030188 0.012552
218 45056799089878348823680295749545282 0.012255
219 67585198634817523235520443624317923 0.012308
220 90113598179756697647360591499090564 0.012546
221 135170397269635046471040887248635846 0.012642
222 202755595904452569706561330872953769 0.012726
223 270340794539270092942081774497271692 0.013211
224 405511191808905139413122661745907538 0.013113
225 608266787713357709119683992618861307 0.013136
226 811022383617810278826245323491815076 0.013387
227 1216533575426715418239367985237722614 0.013393
228 1824800363140073127359051977856583921 0.013404
229 2433067150853430836478735970475445228 0.013602
230 3649600726280146254718103955713167842 0.013674
231 5474401089420219382077155933569751763 0.013908
232 7299201452560292509436207911426335684 0.013886
233 10948802178840438764154311867139503526 0.014117
234 16423203268260658146231467800709255289 0.014010
235 21897604357680877528308623734279007052 0.015366
236 32846406536521316292462935601418510578 0.014399
237 49269609804781974438694403402127765867 0.014577
238 65692813073042632584925871202837021156 0.014962
239 98539219609563948877388806804255531734 0.014803
240 147808829414345923316083210206383297601 0.015003
241 197078439219127897754777613608511063468 0.015761
242 295617658828691846632166420412766595202 0.015626
243 443426488243037769948249630619149892803 0.015571
244 591235317657383693264332840825533190404 0.015844
245 886852976486075539896499261238299785606 0.015463
246 1330279464729113309844748891857449678409 0.015633
247 1773705952972151079792998522476599571212 0.015924
248 2660558929458226619689497783714899356818 0.015898
249 3990838394187339929534246675572349035227 0.016316
250 5321117858916453239378995567429798713636 0.016944
251 7981676788374679859068493351144698070454 0.016472
252 11972515182562019788602740026717047105681 0.017904
253 15963353576749359718136986702289396140908 0.017014
254 23945030365124039577205480053434094211362 0.016943
255 35917545547686059365808220080151141317043 0.017190
256 47890060730248079154410960106868188422724 0.017220
257 71835091095372118731616440160302282634086 0.017053
258 107752636643058178097424660240453423951129 0.017154
259 143670182190744237463232880320604565268172 0.017319
260 215505273286116356194849320480906847902258 0.017598
261 323257909929174534292273980721360271853387 0.017745
262 431010546572232712389698640961813695804516 0.017839
263 646515819858349068584547961442720543706774 0.020293
264 969773729787523602876821942164080815560161 0.018426
265 1293031639716698137169095922885441087413548 0.018289
266 1939547459575047205753643884328161631120322 0.019598
267 2909321189362570808630465826492242446680483 0.019146
268 3879094919150094411507287768656323262240644 0.018471
269 5818642378725141617260931652984484893360966 0.018821
270 8727963568087712425891397479476727340041449 0.019088
271 11637284757450283234521863305968969786721932 0.018893
272 17455927136175424851782794958953454680082898 0.019216
273 26183890704263137277674192438430182020124347 0.019527
274 34911854272350849703565589917906909360165796 0.019632
275 52367781408526274555348384876860364040248694 0.019659
276 78551672112789411833022577315290546060373041 0.019713
277 104735562817052549110696769753720728080497388 0.019924
278 157103344225578823666045154630581092120746082 0.020195
279 235655016338368235499067731945871638181119123 0.020105
280 314206688451157647332090309261162184241492164 0.020266
281 471310032676736470998135463891743276362238246 0.021305
282 706965049015104706497203195837614914543357369 0.021178
283 942620065353472941996270927783486552724476492 0.022005
284 1413930098030209412994406391675229829086714738 0.020914
285 2120895147045314119491609587512844743630072107 0.022218
286 2827860196060418825988812783350459658173429476 0.022009
287 4241790294090628238983219175025689487260144214 0.021550
288 6362685441135942358474828762538534230890216321 0.021880
289 8483580588181256477966438350051378974520288428 0.021961
290 12725370882271884716949657525077068461780432642 0.023120
291 19088056323407827075424486287615602692670648963 0.021962
292 25450741764543769433899315050154136923560865284 0.022416
293 38176112646815654150848972575231205385341297926 0.022646
294 57264168970223481226273458862846808078011946889 0.022626
295 76352225293631308301697945150462410770682595852 0.023371
296 114528337940446962452546917725693616156023893778 0.023883
297 171792506910670443678820376588540424234035840667 0.023539
298 229056675880893924905093835451387232312047787556 0.023349
299 343585013821340887357640753177080848468071681334 0.023679
300 515377520732011331036461129765621272702107522001 0.024046
301 687170027642681774715281506354161696936143362668 0.023602
302 1030755041464022662072922259531242545404215044002 0.023825
303 1546132562196033993109383389296863818106322566003 0.023921
304 2061510082928045324145844519062485090808430088004 0.024386
305 3092265124392067986218766778593727636212645132006 0.024045
306 4638397686588101979328150167890591454318967698009 0.024136
307 6184530248784135972437533557187455272425290264012 0.024601
308 9276795373176203958656300335781182908637935396018 0.024634
309 13915193059764305937984450503671774362956903094027 0.027709
310 18553590746352407917312600671562365817275870792036 0.026354
311 27830386119528611875968901007343548725913806188054 0.025410
312 41745579179292917813953351511015323088870709282081 0.025238
313 55660772239057223751937802014687097451827612376108 0.025352
314 83491158358585835627906703022030646177741418564162 0.025544
315 125236737537878753441860054533045969266612127846243 0.026044
316 166982316717171671255813406044061292355482837128324 0.026967
317 250473475075757506883720109066091938533224255692486 0.026659
318 375710212613636260325580163599137907799836383538729 0.026961
319 500946950151515013767440218132183877066448511384972 0.030818
320 751420425227272520651160327198275815599672767077458 0.031442
321 1127130637840908780976740490797413723399509150616187 0.030203
322 1502840850454545041302320654396551631199345534154916 0.031133
323 2254261275681817561953480981594827446799018301232374 0.031157
324 3381391913522726342930221472392241170198527451848561 0.032839
325 4508522551363635123906961963189654893598036602464748 0.031673
326 6762783827045452685860442944784482340397054903697122 0.030822
327 10144175740568179028790664417176723510595582355545683 0.032629
328 13525567654090905371720885889568964680794109807394244 0.032987
329 20288351481136358057581328834353447021191164711091366 0.032281
330 30432527221704537086371993251530170531786747066637049 0.032233
331 40576702962272716115162657668706894042382329422182732 0.032666
332 60865054443409074172743986503060341063573494133274098 0.032378
333 91297581665113611259115979754590511595360241199911147 0.033492
334 121730108886818148345487973006120682127146988266548196 0.033263
335 182595163330227222518231959509181023190720482399822294 0.033476
336 273892744995340833777347939263771534786080723599733441 0.033814
337 365190326660454445036463919018362046381440964799644588 0.033176
338 547785489990681667554695878527543069572161447199466882 0.034232
339 821678234986022501332043817791314604358242170799200323 0.033930
340 1095570979981363335109391757055086139144322894398933764 0.035171
341 1643356469972045002664087635582629208716484341598400646 0.034399
342 2465034704958067503996131453373943813074726512397600969 0.038613
343 3286712939944090005328175271165258417432968683196801292 0.035741
344 4930069409916135007992262906747887626149453024795201938 0.031163
345 7395104114874202511988394360121831439224179537192802907 0.031151
346 9860138819832270015984525813495775252298906049590403876 0.031041
347 14790208229748405023976788720243662878448359074385605814 0.032008
348 22185312344622607535965183080365494317672538611578408721 0.031932
349 29580416459496810047953577440487325756896718148771211628 0.031763
350 44370624689245215071930366160730988635345077223156817442 0.032070
351 66555937033867822607895549241096482953017615834735226163 0.031976
352 88741249378490430143860732321461977270690154446313634884 0.032205
353 133111874067735645215791098482192965906035231669470452326 0.033032
354 199667811101603467823686647723289448859052847504205678489 0.032641
355 266223748135471290431582196964385931812070463338940904652 0.033607
356 399335622203206935647373295446578897718105695008411356978 0.034598
357 599003433304810403471059943169868346577158542512617035467 0.036614
358 798671244406413871294746590893157795436211390016822713956 0.034356
359 1198006866609620806942119886339736693154317085025234070934 0.034635
360 1797010299914431210413179829509605039731475627537851106401 0.033918
361 2396013733219241613884239772679473386308634170050468141868 0.033944
362 3594020599828862420826359659019210079462951255075702212802 0.034325
363 5391030899743293631239539488528815119194426882613553319203 0.034364
364 7188041199657724841652719318038420158925902510151404425604 0.034526
365 10782061799486587262479078977057630238388853765227106638406 0.035025
366 16173092699229880893718618465586445357583280647840659957609 0.035150
367 21564123598973174524958157954115260476777707530454213276812 0.035160
368 32346185398459761787437236931172890715166561295681319915218 0.035346
369 48519278097689642681155855396759336072749841943521979872827 0.035548
370 64692370796919523574874473862345781430333122591362639830436 0.035825
371 97038556195379285362311710793518672145499683887043959745654 0.038418
372 145557834293068928043467566190278008218249525830565939618481 0.036347
373 194077112390758570724623421587037344290999367774087919491308 0.036445
374 291115668586137856086935132380556016436499051661131879236962 0.036591
375 436673502879206784130402698570834024654748577491697818855443 0.036928
376 582231337172275712173870264761112032872998103322263758473924 0.037562
377 873347005758413568260805397141668049309497154983395637710886 0.037462
378 1310020508637620352391208095712502073964245732475093456566329 0.037522
379 1746694011516827136521610794283336098618994309966791275421772 0.037926
380 2620041017275240704782416191425004147928491464950186913132658 0.037864
381 3930061525912861057173624287137506221892737197425280369698987 0.038557
382 5240082034550481409564832382850008295856982929900373826265316 0.038684
383 7860123051825722114347248574275012443785474394850560739397974 0.038526
384 11790184577738583171520872861412518665678211592275841109096961 0.038793
385 15720246103651444228694497148550024887570948789701121478795948 0.038899
386 23580369155477166343041745722825037331356423184551682218193922 0.039260
387 35370553733215749514562618584237555997034634776827523327290883 0.039536
388 47160738310954332686083491445650074662712846369103364436387844 0.039541
389 70741107466431499029125237168475111994069269553655046654581766 0.039765
390 106111661199647248543687855752712667991103904330482569981872649 0.039837
391 141482214932862998058250474336950223988138539107310093309163532 0.040156
392 212223322399294497087375711505425335982207808660965139963745298 0.040392
393 318334983598941745631063567258138003973311712991447709945617947 0.040898
394 424446644798588994174751423010850671964415617321930279927490596 0.040758
395 636669967197883491262127134516276007946623425982895419891235894 0.041200
396 955004950796825236893190701774414011919935138974343129836853841 0.041528
397 1273339934395766982524254269032552015893246851965790839782471788 0.043634
398 1910009901593650473786381403548828023839870277948686259673707682 0.041835
399 2865014852390475710679572105323242035759805416923029389510561523 0.041820
400 3820019803187300947572762807097656047679740555897372519347415364 0.041821
401 5730029704780951421359144210646484071519610833846058779021123046 0.042579
402 8595044557171427132038716315969726107279416250769088168531684569 0.043514
403 11460059409561902842718288421292968143039221667692117558042246092 0.042573
404 17190089114342854264077432631939452214558832501538176337063369138 0.042739
405 25785133671514281396116148947909178321838248752307264505595053707 0.043023
406 34380178228685708528154865263878904429117665003076352674126738276 0.043370
407 51570267343028562792232297895818356643676497504614529011190107414 0.044322
408 77355401014542844188348446843727534965514746256921793516785161121 0.043957
409 103140534686057125584464595791636713287352995009229058022380214828 0.044603
410 154710802029085688376696893687455069931029492513843587033570322242 0.048445
411 232066203043628532565045340531182604896544238770765380550355483363 0.048783
412 309421604058171376753393787374910139862058985027687174067140644484 0.049246
413 464132406087257065130090681062365209793088477541530761100710966726 0.046102
414 696198609130885597695136021593547814689632716312296141651066450089 0.045096
415 928264812174514130260181362124730419586176955083061522201421933452 0.045372
416 1392397218261771195390272043187095629379265432624592283302132900178 0.045530
417 2088595827392656793085408064780643444068898148936888424953199350267 0.045978
418 2784794436523542390780544086374191258758530865249184566604265800356 0.046009
419 4177191654785313586170816129561286888137796297873776849906398700534 0.048450
420 6265787482177970379256224194341930332206694446810665274859598050801 0.046603
421 8354383309570627172341632259122573776275592595747553699812797401068 0.046552
422 12531574964355940758512448388683860664413388893621330549719196101602 0.046690
423 18797362446533911137768672583025790996620083340431995824578794152403 0.047752
424 25063149928711881517024896777367721328826777787242661099438392203204 0.048652
425 37594724893067822275537345166051581993240166680863991649157588304806 0.047560
426 56392087339601733413306017749077372989860250021295987473736382457209 0.047675
427 75189449786135644551074690332103163986480333361727983298315176609612 0.048106
428 112784174679203466826612035498154745979720500042591974947472764914418 0.048926
429 169176262018805200239918053247232118969580750063887962421209147371627 0.052824
430 225568349358406933653224070996309491959441000085183949894945529828836 0.062714
431 338352524037610400479836106494464237939161500127775924842418294743254 0.054347
432 507528786056415600719754159741696356908742250191663887263627442114881 0.055591
433 676705048075220800959672212988928475878323000255551849684836589486508 0.054593
434 1015057572112831201439508319483392713817484500383327774527254884229762 0.056331
435 1522586358169246802159262479225089070726226750574991661790882326344643 0.051394
436 2030115144225662402879016638966785427634969000766655549054509768459524 0.050573
437 3045172716338493604318524958450178141452453501149983323581764652689286 0.050716
438 4567759074507740406477787437675267212178680251724974985372646979033929 0.051521
439 6090345432676987208637049916900356282904907002299966647163529305378572 0.054084
440 9135518149015480812955574875350534424357360503449949970745293958067858 0.051305
441 13703277223523221219433362313025801636536040755174924956117940937101787 0.051172
442 18271036298030961625911149750701068848714721006899899941490587916135716 0.051631
443 27406554447046442438866724626051603273072081510349849912235881874203574 0.052555
444 41109831670569663658300086939077404909608122265524774868353822811305361 0.052655
445 54813108894092884877733449252103206546144163020699699824471763748407148 0.055871
446 82219663341139327316600173878154809819216244531049549736707645622610722 0.052538
447 123329495011708990974900260817232214728824366796574324605061468433916083 0.053283
448 164439326682278654633200347756309619638432489062099099473415291245221444 0.053798
449 246658990023417981949800521634464429457648733593148649210122936867832166 0.085562
450 369988485035126972924700782451696644186473100389722973815184405301748249 0.054589
451 493317980046835963899601043268928858915297467186297298420245873735664332 0.053989
452 739976970070253945849401564903393288372946200779445947630368810603496498 0.053895
453 1109965455105380918774102347355089932559419301169168921445553215905244747 0.054591
454 1479953940140507891698803129806786576745892401558891895260737621206992996 0.054593
455 2219930910210761837548204694710179865118838602338337842891106431810489494 0.054749
456 3329896365316142756322307042065269797678257903507506764336659647715734241 0.055574
457 4439861820421523675096409389420359730237677204676675685782212863620978988 0.059487
458 6659792730632285512644614084130539595356515807015013528673319295431468482 0.055784
459 9989689095948428268966921126195809393034773710522520293009978943147202723 0.055659
460 13319585461264571025289228168261079190713031614030027057346638590862936964 0.056234
461 19979378191896856537933842252391618786069547421045040586019957886294405446 0.056553
462 29969067287845284806900763378587428179104321131567560879029936829441608169 0.056535
463 39958756383793713075867684504783237572139094842090081172039915772588810892 0.057286
464 59938134575690569613801526757174856358208642263135121758059873658883216338 0.057390
465 89907201863535854420702290135762284537312963394702682637089810488324824507 0.057610
466 119876269151381139227603053514349712716417284526270243516119747317766432676 0.059106
467 179814403727071708841404580271524569074625926789405365274179620976649649014 0.057846
468 269721605590607563262106870407286853611938890184108047911269431464974473521 0.058116
469 359628807454143417682809160543049138149251853578810730548359241953299298028 0.059056
470 539443211181215126524213740814573707223877780368216095822538862929948947042 0.058536
471 809164816771822689786320611221860560835816670552324143733808294394923420563 0.059005
472 1078886422362430253048427481629147414447755560736432191645077725859897894084 0.059394
473 1618329633543645379572641222443721121671633341104648287467616588789846841126 0.059490
474 2427494450315468069358961833665581682507450011656972431201424883184770261689 0.063152
475 3236659267087290759145282444887442243343266682209296574935233177579693682252 0.061710
476 4854988900630936138717923667331163365014900023313944862402849766369540523378 0.060096
477 7282483350946404208076885500996745047522350034970917293604274649554310785067 0.060946
478 9709977801261872277435847334662326730029800046627889724805699532739081046756 0.060929
479 14564966701892808416153771001993490095044700069941834587208549299108621570134 0.060869
480 21847450052839212624230656502990235142567050104912751880812823948662932355201 0.061382
481 29129933403785616832307542003986980190089400139883669174417098598217243140268 0.062162
482 43694900105678425248461313005980470285134100209825503761625647897325864710402 0.061887
483 65542350158517637872691969508970705427701150314738255642438471845988797065603 0.064220
484 87389800211356850496922626011960940570268200419651007523251295794651729420804 0.065634
485 131084700317035275745383939017941410855402300629476511284876943691977594131206 0.063137
486 196627050475552913618075908526912116283103450944214766927315415537966391196809 0.063222
487 262169400634070551490767878035882821710804601258953022569753887383955188262412 0.063395
488 393254100951105827236151817053824232566206901888429533854630831075932782393618 0.064065
489 589881151426658740854227725580736348849310352832644300781946246613899173590427 0.064303
490 786508201902211654472303634107648465132413803776859067709261662151865564787236 0.067286
491 1179762302853317481708455451161472697698620705665288601563892493227798347180854 0.068578
492 1769643454279976222562683176742209046547931058497932902345838739841697520771281 0.077037
493 2359524605706634963416910902322945395397241411330577203127784986455596694361708 0.072070
494 3539286908559952445125366353484418093095862116995865804691677479683395041542562 0.065325
495 5308930362839928667688049530226627139643793175493798707037516219525092562313843 0.065917
496 7078573817119904890250732706968836186191724233991731609383354959366790083085124 0.066699
497 10617860725679857335376099060453254279287586350987597414075032439050185124627686 0.067981
498 15926791088519786003064148590679881418931379526481396121112548658575277686941529 0.067392
499 21235721451359714670752198120906508558575172701975194828150064878100370249255372 0.067233
500 31853582177039572006128297181359762837862759052962792242225097317150555373883058 0.075756
501 47780373265559358009192445772039644256794138579444188363337645975725833060824587 0.078535
502 63707164354079144012256594362719525675725518105925584484450194634301110747766116 0.077152
503 95560746531118716018384891544079288513588277158888376726675291951451666121649174 0.077759
504 143341119796678074027577337316118932770382415738332565090012937927177499182473761 0.082531
505 191121493062237432036769783088158577027176554317776753453350583902903332243298348 0.085401
506 286682239593356148055154674632237865540764831476665130180025875854354998364947522 0.070344
507 430023359390034222082732011948356798311147247214997695270038813781532497547421283 0.069083
508 573364479186712296110309349264475731081529662953330260360051751708709996729895044 0.068746
509 860046718780068444165464023896713596622294494429995390540077627563064995094842566 0.069127
510 1290070078170102666248196035845070394933441741644993085810116441344597492642263849 0.071171
511 1720093437560136888330928047793427193244588988859990781080155255126129990189685132 0.072127
512 2580140156340205332496392071690140789866883483289986171620232882689194985284527698 0.072156
513 3870210234510307998744588107535211184800325224934979257430349324033792477926791547 0.071518
514 5160280312680410664992784143380281579733766966579972343240465765378389970569055396 0.073624
515 7740420469020615997489176215070422369600650449869958514860698648067584955853583094 0.083820
516 11610630703530923996233764322605633554400975674804937772291047972101377433780374641 0.082931
517 15480840938041231994978352430140844739201300899739917029721397296135169911707166188 0.084768
518 23221261407061847992467528645211267108801951349609875544582095944202754867560749282 0.082609
519 34831892110592771988701292967816900663202927024414813316873143916304132301341123923 0.087393
520 46442522814123695984935057290422534217603902699219751089164191888405509735121498564 0.083720
521 69663784221185543977402585935633801326405854048829626633746287832608264602682247846 0.084444
522 104495676331778315966103878903450701989608781073244439950619431748912396904023371769 0.087324
523 139327568442371087954805171871267602652811708097659253267492575665216529205364495692 0.087925
524 208991352663556631932207757806901403979217562146488879901238863497824793808046743538 0.080823
525 313487028995334947898311636710352105968826343219733319851858295246737190712070115307 0.080949
526 417982705327113263864415515613802807958435124292977759802477726995649587616093487076 0.073896
527 626974057990669895796623273420704211937652686439466639703716590493474381424140230614 0.074522
528 940461086986004843694934910131056317906479029659199959555574885740211572136210345921 0.075003
529 1253948115981339791593246546841408423875305372878933279407433180986948762848280461228 0.075085
530 1880922173972009687389869820262112635812958059318399919111149771480423144272420691842 0.078301
531 2821383260958014531084804730393168953719437088977599878666724657220634716408631037763 0.075415
532 3761844347944019374779739640524225271625916118636799838222299542960846288544841383684 0.076100
533 5642766521916029062169609460786337907438874177955199757333449314441269432817262075526 0.076348
534 8464149782874043593254414191179506861158311266932799636000173971661904149225893113289 0.076321
535 11285533043832058124339218921572675814877748355910399514666898628882538865634524151052 0.077141
536 16928299565748087186508828382359013722316622533865599272000347943323808298451786226578 0.078182
537 25392449348622130779763242573538520583474933800798398908000521914985712447677679339867 0.080088
538 33856599131496174373017656764718027444633245067731198544000695886647616596903572453156 0.077992
539 50784898697244261559526485147077041166949867601596797816001043829971424895355358679734 0.077729
540 76177348045866392339289727720615561750424801402395196724001565744957137343033038019601 0.079408
541 101569797394488523119052970294154082333899735203193595632002087659942849790710717359468 0.077893
542 152354696091732784678579455441231123500849602804790393448003131489914274686066076039202 0.078671
543 228532044137599177017869183161846685251274404207185590172004697234871412029099114058803 0.084441
544 304709392183465569357158910882462247001699205609580786896006262979828549372132152078404 0.082161
545 457064088275198354035738366323693370502548808414371180344009394469742824058198228117606 0.080571
546 685596132412797531053607549485540055753823212621556770516014091704614236087297342176409 0.080695
547 914128176550396708071476732647386741005097616828742360688018788939485648116396456235212 0.080356
548 1371192264825595062107215098971080111507646425243113541032028183409228472174594684352818 0.081520
549 2056788397238392593160822648456620167261469637864670311548042275113842708261892026529227 0.081543
550 2742384529651190124214430197942160223015292850486227082064056366818456944349189368705636 0.083783
551 4113576794476785186321645296913240334522939275729340623096084550227685416523784053058454 0.081635
552 6170365191715177779482467945369860501784408913594010934644126825341528124785676079587681 0.082028
553 8227153588953570372643290593826480669045878551458681246192169100455370833047568106116908 0.082039
554 12340730383430355558964935890739721003568817827188021869288253650683056249571352159175362 0.083383
555 18511095575145533338447403836109581505353226740782032803932380476024584374357028238763043 0.087898
556 24681460766860711117929871781479442007137635654376043738576507301366112499142704318350724 0.083505
557 37022191150291066676894807672219163010706453481564065607864760952049168748714056477526086 0.084666
558 55533286725436600015342211508328744516059680222346098411797141428073753123071084716289129 0.083813
559 74044382300582133353789615344438326021412906963128131215729521904098337497428112955052172 0.085439
560 111066573450873200030684423016657489032119360444692196823594282856147506246142169432578258 0.084785
561 166599860176309800046026634524986233548179040667038295235391424284221259369213254148867387 0.085656
562 222133146901746400061368846033314978064238720889384393647188565712295012492284338865156516 0.085072
563 333199720352619600092053269049972467096358081334076590470782848568442518738426508297734774 0.086080
564 499799580528929400138079903574958700644537122001114885706174272852663778107639762446602161 0.087440
565 666399440705239200184106538099944934192716162668153180941565697136885037476853016595469548 0.088946
566 999599161057858800276159807149917401289074244002229771412348545705327556215279524893204322 0.091029
567 1499398741586788200414239710724876101933611366003344657118522818557991334322919287339806483 0.089079
568 1999198322115717600552319614299834802578148488004459542824697091410655112430559049786408644 0.089151
569 2998797483173576400828479421449752203867222732006689314237045637115982668645838574679612966 0.102839
570 4498196224760364601242719132174628305800834098010033971355568455673974002968757862019419449 0.106421
571 5997594966347152801656958842899504407734445464013378628474091274231965337291677149359225932 0.101068
572 8996392449520729202485438264349256611601668196020067942711136911347948005937515724038838898 0.103470
573 13494588674281093803728157396523884917402502294030101914066705367021922008906273586058258347 0.101955
574 17992784899041458404970876528698513223203336392040135885422273822695896011875031448077677796 0.104586
575 26989177348562187607456314793047769834805004588060203828133410734043844017812547172116516694 0.101766
576 40483766022843281411184472189571654752207506882090305742200116101065766026718820758174775041 0.108674
577 53978354697124375214912629586095539669610009176120407656266821468087688035625094344233033388 0.101557
578 80967532045686562822368944379143309504415013764180611484400232202131532053437641516349550082 0.107006
579 121451298068529844233553416568714964256622520646270917226600348303197298080156462274524325123 0.104711
580 161935064091373125644737888758286619008830027528361222968800464404263064106875283032699100164 0.105157
581 242902596137059688467106833137429928513245041292541834453200696606394596160312924549048650246 0.116956
582 364353894205589532700660249706144892769867561938812751679801044909591894240469386823572975369 0.099789
583 485805192274119376934213666274859857026490082585083668906401393212789192320625849098097300492 0.096895
584 728707788411179065401320499412289785539735123877625503359602089819183788480938773647145950738 0.094472
585 1093061682616768598101980749118434678309602685816438255039403134728775682721408160470718926107 0.105975
586 1457415576822358130802640998824579571079470247755251006719204179638367576961877547294291901476 0.096187
587 2186123365233537196203961498236869356619205371632876510078806269457551365442816320941437852214 0.095270
588 3279185047850305794305942247355304034928808057449314765118209404186327048164224481412156778321 0.096785
589 4372246730467074392407922996473738713238410743265753020157612538915102730885632641882875704428 0.093436
590 6558370095700611588611884494710608069857616114898629530236418808372654096328448962824313556642 0.097359
591 9837555143550917382917826742065912104786424172347944295354628212558981144492673444236470334963 0.096957
592 13116740191401223177223768989421216139715232229797259060472837616745308192656897925648627113284 0.097751
593 19675110287101834765835653484131824209572848344695888590709256425117962288985346888472940669926 0.097405
594 29512665430652752148753480226197736314359272517043832886063884637676943433478020332709411004889 0.097342
595 39350220574203669531671306968263648419145696689391777181418512850235924577970693776945881339852 0.097202
596 59025330861305504297506960452395472628718545034087665772127769275353886866956040665418822009778 0.099092
597 88537996291958256446260440678593208943077817551131498658191653913030830300434060998128233014667 0.096095
598 118050661722611008595013920904790945257437090068175331544255538550707773733912081330837644019556 0.097055
599 177075992583916512892520881357186417886155635102262997316383307826061660600868121996256466029334 0.096957
600 265613988875874769338781322035779626829233452653394495974574961739092490901302182994384699044001 0.097948
601 354151985167833025785041762714372835772311270204525994632766615652123321201736243992512932058668 0.103324
602 531227977751749538677562644071559253658466905306788991949149923478184981802604365988769398088002 0.105304
603 796841966627624308016343966107338880487700357960183487923724885217277472703906548983154097132003 0.099616
604 1062455955503499077355125288143118507316933810613577983898299846956369963605208731977538796176004 0.098823
605 1593683933255248616032687932214677760975400715920366975847449770434554945407813097966308194264006 0.099129
606 2390525899882872924049031898322016641463101073880550463771174655651832418111719646949462291396009 0.101997
607 3187367866510497232065375864429355521950801431840733951694899540869109890815626195932616388528012 0.099923
608 4781051799765745848098063796644033282926202147761100927542349311303664836223439293898924582792018 0.100499
609 7171577699648618772147095694966049924389303221641651391313523966955497254335158940848386874188027 0.101014
610 9562103599531491696196127593288066565852404295522201855084698622607329672446878587797849165584036 0.101481
611 14343155399297237544294191389932099848778606443283302782627047933910994508670317881696773748376054 0.102763
612 21514733098945856316441287084898149773167909664924954173940571900866491763005476822545160622564081 0.102739
613 28686310798594475088588382779864199697557212886566605565254095867821989017340635763393547496752108 0.101337
614 43029466197891712632882574169796299546335819329849908347881143801732983526010953645090321245128162 0.101850
615 64544199296837568949323861254694449319503728994774862521821715702599475289016430467635481867692243 0.103133
616 86058932395783425265765148339592599092671638659699816695762287603465967052021907290180642490256324 0.105577
617 129088398593675137898647722509388898639007457989549725043643431405198950578032860935270963735384486 0.103263
618 193632597890512706847971583764083347958511186984324587565465147107798425867049291402906445603076729 0.104140
619 258176797187350275797295445018777797278014915979099450087286862810397901156065721870541927470768972 0.104247
620 387265195781025413695943167528166695917022373968649175130930294215596851734098582805812891206153458 0.104398
621 580897793671538120543914751292250043875533560952973762696395441323395277601147874208719336809230187 0.105803
622 774530391562050827391886335056333391834044747937298350261860588431193703468197165611625782412306916 0.105782
623 1161795587343076241087829502584500087751067121905947525392790882646790555202295748417438673618460374 0.103984
624 1742693381014614361631744253876750131626600682858921288089186323970185832803443622626158010427690561 0.106516
625 2323591174686152482175659005169000175502134243811895050785581765293581110404591496834877347236920748 0.107125
626 3485386762029228723263488507753500263253201365717842576178372647940371665606887245252316020855381122 0.108547
627 5228080143043843084895232761630250394879802048576763864267558971910557498410330867878474031283071683 0.106154
628 6970773524058457446526977015507000526506402731435685152356745295880743331213774490504632041710762244 0.107227
629 10456160286087686169790465523260500789759604097153527728535117943821114996820661735756948062566143366 0.107544
630 15684240429131529254685698284890751184639406145730291592802676915731672495230992603635422093849215049 0.108130
631 20912320572175372339580931046521001579519208194307055457070235887642229993641323471513896125132286732 0.108750
632 31368480858263058509371396569781502369278812291460583185605353831463344990461985207270844187698430098 0.108836
633 47052721287394587764057094854672253553918218437190874778408030747195017485692977810906266281547645147 0.108909
634 62736961716526117018742793139563004738557624582921166371210707662926689980923970414541688375396860196 0.109552
635 94105442574789175528114189709344507107836436874381749556816061494390034971385955621812532563095290294 0.112503
636 141158163862183763292171284564016760661754655311572624335224092241585052457078933432718798844642935441 0.110116
637 188210885149578351056228379418689014215672873748763499113632122988780069942771911243625065126190580588 0.110189
638 282316327724367526584342569128033521323509310623145248670448184483170104914157866865437597689285870882 0.110831
639 423474491586551289876513853692050281985263965934717873005672276724755157371236800298156396533928806323 0.111372
640 564632655448735053168685138256067042647018621246290497340896368966340209828315733730875195378571741764 0.112200
641 846948983173102579753027707384100563970527931869435746011344553449510314742473600596312793067857612646 0.111328
642 1270423474759653869629541561076150845955791897804153619017016830174265472113710400894469189601786418969 0.112355
643 1693897966346205159506055414768201127941055863738871492022689106899020629484947201192625586135715225292 0.112427
644 2540846949519307739259083122152301691911583795608307238034033660348530944227420801788938379203572837938 0.115042
645 3811270424278961608888624683228452537867375693412460857051050490522796416341131202683407568805359256907 0.114340
646 5081693899038615478518166244304603383823167591216614476068067320697061888454841603577876758407145675876 0.114258
647 7622540848557923217777249366456905075734751386824921714102100981045592832682262405366815137610718513814 0.113967
648 11433811272836884826665874049685357613602127080237382571153151471568389249023393608050222706416077770721 0.115297
649 15245081697115846435554498732913810151469502773649843428204201962091185665364524810733630275221437027628 0.117568
650 22867622545673769653331748099370715227204254160474765142306302943136778498046787216100445412832155541442 0.115364
651 34301433818510654479997622149056072840806381240712147713459454414705167747070180824150668119248233312163 0.115335
652 45735245091347539306663496198741430454408508320949530284612605886273556996093574432200890825664311082884 0.115716
653 68602867637021308959995244298112145681612762481424295426918908829410335494140361648301336238496466624326 0.118129
654 102904301455531963439992866447168218522419143722136443140378363244115503241210542472452004357744699936489 0.115613
655 137205735274042617919990488596224291363225524962848590853837817658820670988280723296602672476992933248652 0.116533
656 205808602911063926879985732894336437044838287444272886280756726488231006482421084944904008715489399872978 0.117694
657 308712904366595890319978599341504655567257431166409329421135089732346509723631627417356013073234099809467 0.118093
658 411617205822127853759971465788672874089676574888545772561513452976462012964842169889808017430978799745956 0.117857
659 617425808733191780639957198683009311134514862332818658842270179464693019447263254834712026146468199618934 0.118066
660 926138713099787670959935798024513966701772293499227988263405269197039529170894882252068039219702299428401 0.119258
661 1234851617466383561279914397366018622269029724665637317684540358929386038894526509669424052292936399237868 0.123051
662 1852277426199575341919871596049027933403544586998455976526810538394079058341789764504136078439404598856802 0.118919
663 2778416139299363012879807394073541900105316880497683964790215807591118587512684646756204117659106898285203 0.120008
664 3704554852399150683839743192098055866807089173996911953053621076788158116683579529008272156878809197713604 0.120276
665 5556832278598726025759614788147083800210633760995367929580431615182237175025369293512408235318213796570406 0.121288
666 8335248417898089038639422182220625700315950641493051894370647422773355762538053940268612352977320694855609 0.121138
667 11113664557197452051519229576294167600421267521990735859160863230364474350050738587024816470636427593140812 0.121109
668 16670496835796178077278844364441251400631901282986103788741294845546711525076107880537224705954641389711218 0.121630
669 25005745253694267115918266546661877100947851924479155683111942268320067287614161820805837058931962084566827 0.125498
670 33340993671592356154557688728882502801263802565972207577482589691093423050152215761074449411909282779422436 0.128572
671 50011490507388534231836533093323754201895703848958311366223884536640134575228323641611674117863924169133654 0.123896
672 75017235761082801347754799639985631302843555773437467049335826804960201862842485462417511176795886253700481 0.122682
673 100022981014777068463673066186647508403791407697916622732447769073280269150456647283223348235727848338267308 0.123322
674 150034471522165602695509599279971262605687111546874934098671653609920403725684970924835022353591772507400962 0.125906
675 225051707283248404043264398919956893908530667320312401148007480414880605588527456387252533530387658761101443 0.123827
676 300068943044331205391019198559942525211374223093749868197343307219840807451369941849670044707183545014801924 0.124520
677 450103414566496808086528797839913787817061334640624802296014960829761211177054912774505067060775317522202886 0.129308
678 675155121849745212129793196759870681725592001960937203444022441244641816765582369161757600591162976283304329 0.124819
679 900206829132993616173057595679827575634122669281249604592029921659522422354109825549010134121550635044405772 0.125412
680 1350310243699490424259586393519741363451184003921874406888044882489283633531164738323515201182325952566608658 0.126101
681 2025465365549235636389379590279612045176776005882811610332067323733925450296747107485272801773488928849912987 0.127018
682 2700620487398980848519172787039482726902368007843748813776089764978567267062329476647030402364651905133217316 0.127047
683 4050930731098471272778759180559224090353552011765623220664134647467850900593494214970545603546977857699825974 0.126769
684 6076396096647706909168138770838836135530328017648434830996201971201776350890241322455818405320466786549738961 0.188235
685 8101861462196942545557518361118448180707104023531246441328269294935701801186988429941091207093955715399651948 0.147536
686 12152792193295413818336277541677672271060656035296869661992403942403552701780482644911636810640933573099477922 0.129033
687 18229188289943120727504416312516508406590984052945304492988605913605329052670723967367455215961400359649216883 0.129446
688 24305584386590827636672555083355344542121312070593739323984807884807105403560965289823273621281867146198955844 0.129925
689 36458376579886241455008832625033016813181968105890608985977211827210658105341447934734910431922800719298433766 0.130379
690 54687564869829362182513248937549525219772952158835913478965817740815987158012171902102365647884201078947650649 0.129760
691 72916753159772482910017665250066033626363936211781217971954423654421316210682895869469820863845601438596867532 0.129981
692 109375129739658724365026497875099050439545904317671826957931635481631974316024343804204731295768402157895301298 0.133723
693 164062694609488086547539746812648575659318856476507740436897453222447961474036515706307096943652603236842951947 0.131233
694 218750259479317448730052995750198100879091808635343653915863270963263948632048687608409462591536804315790602596 0.132081
695 328125389218976173095079493625297151318637712953015480873794906444895922948073031412614193887305206473685903894 0.132265
696 492188083828464259642619240437945726977956569429523221310692359667343884422109547118921290830957809710528855841 0.132340
697 656250778437952346190158987250594302637275425906030961747589812889791845896146062825228387774610412947371807788 0.131131
698 984376167656928519285238480875891453955913138859046442621384719334687768844219094237842581661915619421057711682 0.133512
699 1476564251485392778927857721313837180933869708288569663932077079002031653266328641356763872492873429131586567523 0.133339
700 1968752335313857038570476961751782907911826277718092885242769438669375537688438188475685163323831238842115423364 0.137053
701 2953128502970785557855715442627674361867739416577139327864154158004063306532657282713527744985746858263173135046 0.134245
702 4429692754456178336783573163941511542801609124865708991796231237006094959798985924070291617478620287394759702569 0.134549
703 5906257005941571115711430885255348723735478833154278655728308316008126613065314565427055489971493716526346270092 0.135360
704 8859385508912356673567146327883023085603218249731417983592462474012189919597971848140583234957240574789519405138 0.136854
705 13289078263368535010350719491824534628404827374597126975388693711018284879396957772210874852435860862184279107707 0.135383
706 17718771017824713347134292655766046171206436499462835967184924948024379839195943696281166469914481149579038810276 0.136400
707 26578156526737070020701438983649069256809654749194253950777387422036569758793915544421749704871721724368558215414 0.139452
708 39867234790105605031052158475473603885214482123791380926166081133054854638190873316632624557307582586552837323121 0.136803
709 53156313053474140041402877967298138513619309498388507901554774844073139517587831088843499409743443448737116430828 0.137114
710 79734469580211210062104316950947207770428964247582761852332162266109709276381746633265249114615165173105674646242 0.137872
711 119601704370316815093156475426420811655643446371374142778498243399164563914572619949897873671922747759658511969363 0.139194
712 159468939160422420124208633901894415540857928495165523704664324532219418552763493266530498229230330346211349292484 0.138397
713 239203408740633630186312950852841623311286892742748285556996486798329127829145239899795747343845495519317023938726 0.139417
714 358805113110950445279469426279262434966930339114122428335494730197493691743717859849693621015768243278975535908089 0.142067
715 478406817481267260372625901705683246622573785485496571113992973596658255658290479799591494687690991038634047877452 0.140145
716 717610226221900890558938852558524869933860678228244856670989460394987383487435719699387242031536486557951071816178 0.141547
717 1076415339332851335838408278837787304900791017342367285006484190592481075231153579549080863047304729836926607724267 0.143679
718 1435220452443801781117877705117049739867721356456489713341978920789974766974871439398774484063072973115902143632356 0.142398
719 2152830678665702671676816557675574609801582034684734570012968381184962150462307159098161726094609459673853215448534 0.141587
720 3229246017998554007515224836513361914702373052027101855019452571777443225693460738647242589141914189510779823172801 0.141292
721 4305661357331405343353633115351149219603164069369469140025936762369924300924614318196323452189218919347706430897068 0.143881
722 6458492035997108015030449673026723829404746104054203710038905143554886451386921477294485178283828379021559646345602 0.146888
723 9687738053995662022545674509540085744107119156081305565058357715332329677080382215941727767425742568532339469518403 0.144385
724 12916984071994216030060899346053447658809492208108407420077810287109772902773842954588970356567656758043119292691204 0.144057
725 19375476107991324045091349019080171488214238312162611130116715430664659354160764431883455534851485137064678939036806 0.145828
726 29063214161986986067637023528620257232321357468243916695175073145996989031241146647825183302277227705597018408555209 0.144157
727 38750952215982648090182698038160342976428476624325222260233430861329318708321528863766911069702970274129357878073612 0.145181
728 58126428323973972135274047057240514464642714936487833390350146291993978062482293295650366604554455411194036817110418 0.148947
729 87189642485960958202911070585860771696964072404731750085525219437990967093723439943475549906831683116791055225665627 0.144656
730 116252856647947944270548094114481028929285429872975666780700292583987956124964586591300733209108910822388073634220836 0.145839
731 174379284971921916405822141171721543393928144809463500171050438875981934187446879886951099813663366233582110451331254 0.146305
732 261568927457882874608733211757582315090892217214195250256575658313972901281170319830426649720495049350373165676996881 0.147516
733 348758569943843832811644282343443086787856289618927000342100877751963868374893759773902199627326732467164220902662508 0.148361
734 523137854915765749217466423515164630181784434428390500513151316627945802562340639660853299440990098700746331353993762 0.154869
735 784706782373648623826199635272746945272676651642585750769726974941918703843510959491279949161485148051119497030990643 0.155052
736 1046275709831531498434932847030329260363568868856781001026302633255891605124681279321706598881980197401492662707987524 0.150607
737 1569413564747297247652399270545493890545353303285171501539453949883837407687021918982559898322970296102238994061981286 0.150730
738 2354120347120945871478598905818240835818029954927757252309180924825756111530532878473839847484455444153358491092971929 0.152390
739 3138827129494594495304798541090987781090706606570343003078907899767674815374043837965119796645940592204477988123962572 0.166461
740 4708240694241891742957197811636481671636059909855514504618361849651512223061065756947679694968910888306716982185943858 0.163095
741 7062361041362837614435796717454722507454089864783271756927542774477268334591598635421519542453366332460075473278915787 0.164382
742 9416481388483783485914395623272963343272119819711029009236723699303024446122131513895359389937821776613433964371887716 0.162285
743 14124722082725675228871593434909445014908179729566543513855085548954536669183197270843039084906732664920150946557831574 0.161513
744 21187083124088512843307390152364167522362269594349815270782628323431805003774795906264558627360098997380226419836747361 0.162219
745 28249444165451350457743186869818890029816359459133087027710171097909073338366394541686078169813465329840301893115663148 0.164412
746 42374166248177025686614780304728335044724539188699630541565256646863610007549591812529117254720197994760452839673494722 0.163237
747 63561249372265538529922170457092502567086808783049445812347884970295415011324387718793675882080296992140679259510242083 0.163937
748 84748332496354051373229560609456670089449078377399261083130513293727220015099183625058234509440395989520905679346989444 0.169888
749 127122498744531077059844340914185005134173617566098891624695769940590830022648775437587351764160593984281358519020484166 0.165363
750 190683748116796615589766511371277507701260426349148337437043654910886245033973163156381027646240890976422037778530726249 0.162712
751 254244997489062154119688681828370010268347235132197783249391539881181660045297550875174703528321187968562717038040968332 0.155605
752 381367496233593231179533022742555015402520852698296674874087309821772490067946326312762055292481781952844075557061452498 0.155714
753 572051244350389846769299534113832523103781279047445012311130964732658735101919489469143082938722672929266113335592178747 0.156023
754 762734992467186462359066045485110030805041705396593349748174619643544980135892652625524110584963563905688151114122904996 0.159222
755 1144102488700779693538599068227665046207562558094890024622261929465317470203838978938286165877445345858532226671184357494 0.158962
756 1716153733051169540307898602341497569311343837142335036933392894197976205305758468407429248816168018787798340006776536241 0.157844
757 2288204977401559387077198136455330092415125116189780049244523858930634940407677957876572331754890691717064453342368714988 0.160394
758 3432307466102339080615797204682995138622687674284670073866785788395952410611516936814858497632336037575596680013553072482 0.158222
759 5148461199153508620923695807024492707934031511427005110800178682593928615917275405222287746448504056363395020020329608723 0.158333
760 6864614932204678161231594409365990277245375348569340147733571576791904821223033873629716995264672075151193360027106144964 0.161963
761 10296922398307017241847391614048985415868063022854010221600357365187857231834550810444575492897008112726790040040659217446 0.159256
762 15445383597460525862771087421073478123802094534281015332400536047781785847751826215666863239345512169090185060060988826169 0.160483
763 20593844796614034483694783228097970831736126045708020443200714730375714463669101620889150985794016225453580080081318434892 0.162029
764 30890767194921051725542174842146956247604189068562030664801072095563571695503652431333726478691024338180370120121977652338 0.160729
765 46336150792381577588313262263220434371406283602843045997201608143345357543255478647000589718036536507270555180182966478507 0.163470
766 61781534389842103451084349684293912495208378137124061329602144191127143391007304862667452957382048676360740240243955304676 0.166435
767 92672301584763155176626524526440868742812567205686091994403216286690715086510957294001179436073073014541110360365932957014 0.162679
768 139008452377144732764939786789661303114218850808529137991604824430036072629766435941001769154109609521811665540548899435521 0.163041
769 185344603169526310353253049052881737485625134411372183988806432573381430173021914588002358872146146029082220720731865914028 0.165771
770 278016904754289465529879573579322606228437701617058275983209648860072145259532871882003538308219219043623331081097798871042 0.163023
771 417025357131434198294819360368983909342656552425587413974814473290108217889299307823005307462328828565434996621646698306563 0.163137
772 556033809508578931059759147158645212456875403234116551966419297720144290519065743764007076616438438087246662162195597742084 0.167610
773 834050714262868396589638720737967818685313104851174827949628946580216435778598615646010614924657657130869993243293396613126 0.166953
774 1251076071394302594884458081106951728027969657276762241924443419870324653667897923469015922386986485696304989864940094919689 0.164822
775 1668101428525736793179277441475935637370626209702349655899257893160432871557197231292021229849315314261739986486586793226252 0.167602
776 2502152142788605189768916162213903456055939314553524483848886839740649307335795846938031844773972971392609979729880189839378 0.185651
777 3753228214182907784653374243320855184083908971830286725773330259610973961003693770407047767160959457088914969594820284759067 0.179511
778 5004304285577210379537832324427806912111878629107048967697773679481298614671591693876063689547945942785219959459760379678756 0.183724
779 7506456428365815569306748486641710368167817943660573451546660519221947922007387540814095534321918914177829939189640569518134 0.178854
780 11259684642548723353960122729962565552251726915490860177319990778832921883011081311221143301482878371266744908784460854277201 0.179386
781 15012912856731631138613496973283420736335635887321146903093321038443895844014775081628191068643837828355659878379281139036268 0.182263
782 22519369285097446707920245459925131104503453830981720354639981557665843766022162622442286602965756742533489817568921708554402 0.179174
783 33779053927646170061880368189887696656755180746472580531959972336498765649033243933663429904448635113800234726353382562831603 0.178021
784 45038738570194893415840490919850262209006907661963440709279963115331687532044325244884573205931513485066979635137843417108804 0.184913
785 67558107855292340123760736379775393313510361492945161063919944672997531298066487867326859808897270227600469452706765125663206 0.181328
786 101337161782938510185641104569663089970265542239417741595879917009496296947099731800990289713345905341400704179060147688494809 0.176037
787 135116215710584680247521472759550786627020722985890322127839889345995062596132975734653719617794540455200938905413530251326412 0.171186
788 202674323565877020371282209139326179940531084478835483191759834018992593894199463601980579426691810682801408358120295376989618 0.171572
789 304011485348815530556923313708989269910796626718253224787639751028488890841299195402970869140037716024202112537180443065484427 0.176257
790 405348647131754040742564418278652359881062168957670966383519668037985187788398927203961158853383621365602816716240590753979236 0.173981
791 608022970697631061113846627417978539821593253436506449575279502056977781682598390805941738280075432048404225074360886130968854 0.172279
792 912034456046446591670769941126967809732389880154759674362919253085466672523897586208912607420113148072606337611541329196453281 0.174340
793 1216045941395262122227693254835957079643186506873012899150559004113955563365196781611883476560150864096808450148721772261937708 0.179612
794 1824068912092893183341539882253935619464779760309519348725838506170933345047795172417825214840226296145212675223082658392906562 0.174994
795 2736103368139339775012309823380903429197169640464279023088757759256400017571692758626737822260339444217819012834623987589359843 0.178532
796 3648137824185786366683079764507871238929559520619038697451677012341866690095590344835650429680452592290425350446165316785813124 0.174098
797 5472206736278679550024619646761806858394339280928558046177515518512800035143385517253475644520678888435638025669247975178719686 0.176842
798 8208310104418019325036929470142710287591508921392837069266273277769200052715078275880213466781018332653457038503871962768079529 0.179273
799 10944413472557359100049239293523613716788678561857116092355031037025600070286771034506951289041357776871276051338495950357439372 0.176881
800 16416620208836038650073858940285420575183017842785674138532546555538400105430156551760426933562036665306914077007743925536159058 0.180285
801 24624930313254057975110788410428130862774526764178511207798819833307600158145234827640640400343054997960371115511615888304238587 0.225741
802 32833240417672077300147717880570841150366035685571348277065093111076800210860313103520853867124073330613828154015487851072318116 0.231613
803 49249860626508115950221576820856261725549053528357022415597639666615200316290469655281280800686109995920742231023231776608477174 0.248847
804 73874790939762173925332365231284392588323580292535533623396459499922800474435704482921921201029164993881113346534847664912715761 0.235620
805 98499721253016231900443153641712523451098107056714044831195279333230400632580939310562561601372219991841484462046463553216954348 0.234858
806 147749581879524347850664730462568785176647160585071067246792918999845600948871408965843842402058329987762226693069695329825431522 0.237195
807 221624372819286521775997095693853177764970740877606600870189378499768401423307113448765763603087494981643340039604542994738147283 0.262204
808 295499163759048695701329460925137570353294321170142134493585837999691201897742817931687684804116659975524453386139390659650863044 0.322742
809 443248745638573043551994191387706355529941481755213201740378756999536802846614226897531527206174989963286680079209085989476294566 0.370952
810 664873118457859565327991287081559533294912222632819802610568135499305204269921340346297290809262484944930020118813628984214441849 0.260623
811 886497491277146087103988382775412711059882963510426403480757513999073605693228453795063054412349979926573360158418171978952589132 0.299618
812 1329746236915719130655982574163119066589824445265639605221136270998610408539842680692594581618524969889860040237627257968428883698 0.215397
813 1994619355373578695983973861244678599884736667898459407831704406497915612809764021038891872427787454834790060356440886952643325547 0.224986
814 2659492473831438261311965148326238133179648890531279210442272541997220817079685361385189163237049939779720080475254515936857767396 0.210991
815 3989238710747157391967947722489357199769473335796918815663408812995831225619528042077783744855574909669580120712881773905286651094 0.250530
816 5983858066120736087951921583734035799654210003695378223495113219493746838429292063116675617283362364504370181069322660857929976641 0.338493
817 7978477421494314783935895444978714399538946671593837631326817625991662451239056084155567489711149819339160241425763547810573302188 0.287149
818 11967716132241472175903843167468071599308420007390756446990226438987493676858584126233351234566724729008740362138645321715859953282 0.247166
819 17951574198362208263855764751202107398962630011086134670485339658481240515287876189350026851850087093513110543207967982573789929923 0.291128
820 23935432264482944351807686334936143198616840014781512893980452877974987353717168252466702469133449458017480724277290643431719906564 0.295017
821 35903148396724416527711529502404214797925260022172269340970679316962481030575752378700053703700174187026221086415935965147579859846 0.297852
822 53854722595086624791567294253606322196887890033258404011456018975443721545863628568050080555550261280539331629623903947721369789769 0.234986
823 71806296793448833055423059004808429595850520044344538681941358633924962061151504757400107407400348374052442172831871930295159719692 0.202083
824 107709445190173249583134588507212644393775780066516808022912037950887443091727257136100161111100522561078663259247807895442739579538 0.206298
825 161564167785259874374701882760818966590663670099775212034368056926331164637590885704150241666650783841617994888871711843164109369307 0.198214
826 215418890380346499166269177014425288787551560133033616045824075901774886183454514272200322222201045122157326518495615790885479159076 0.191821
827 323128335570519748749403765521637933181327340199550424068736113852662329275181771408300483333301567683235989777743423686328218738614 0.190833
828 484692503355779623124105648282456899771991010299325636103104170778993493912772657112450724999952351524853984666615135529492328107921 0.188490
829 646256671141039497498807531043275866362654680399100848137472227705324658550363542816600966666603135366471979555486847372656437477228 0.193753
830 969385006711559246248211296564913799543982020598651272206208341557986987825545314224901449999904703049707969333230271058984656215842 0.190041
831 1454077510067338869372316944847370699315973030897976908309312512336980481738317971337352174999857054574561953999845406588476984323763 0.192628
832 1938770013423118492496422593129827599087964041197302544412416683115973975651090628449802899999809406099415938666460542117969312431684 0.190176
833 2908155020134677738744633889694741398631946061795953816618625024673960963476635942674704349999714109149123907999690813176953968647526 0.190930
834 4362232530202016608116950834542112097947919092693930724927937537010941445214953914012056524999571163723685861999536219765430952971289 0.195444
835 5816310040269355477489267779389482797263892123591907633237250049347921926953271885349408699999428218298247815999381626353907937295052 0.192412
836 8724465060404033216233901669084224195895838185387861449855875074021882890429907828024113049999142327447371723999072439530861905942578 0.197548
837 13086697590606049824350852503626336293843757278081792174783812611032824335644861742036169574998713491171057585998608659296292858913867 0.196357
838 17448930120808066432467803338168448391791676370775722899711750148043765780859815656048226099998284654894743447998144879061723811885156 0.248938
839 26173395181212099648701705007252672587687514556163584349567625222065648671289723484072339149997426982342115171997217318592585717827734 0.247934
840 39260092771818149473052557510879008881531271834245376524351437833098473006934585226108508724996140473513172757995825977888878576741601 0.229388
841 52346790362424199297403410014505345175375029112327168699135250444131297342579446968144678299994853964684230343994434637185171435655468 0.207793
842 78520185543636298946105115021758017763062543668490753048702875666196946013869170452217017449992280947026345515991651955777757153483202 0.208272
843 117780278315454448419157672532637026644593815502736129573054313499295419020803755678325526174988421420539518273987477933666635730224803 0.213254
844 157040371087272597892210230043516035526125087336981506097405751332393892027738340904434034899984561894052691031983303911555514306966404 0.210940
845 235560556630908896838315345065274053289187631005472259146108626998590838041607511356651052349976842841079036547974955867333271460449606 0.206789
846 353340834946363345257473017597911079933781446508208388719162940497886257062411267034976578524965264261618554821962433800999907190674409 0.200031
847 471121113261817793676630690130548106578375262010944518292217253997181676083215022713302104699953685682158073095949911734666542920899212 0.197551
848 706681669892726690514946035195822159867562893016416777438325880995772514124822534069953157049930528523237109643924867601999814381348818 0.201991
849 1060022504839090035772419052793733239801344339524625166157488821493658771187233801104929735574895792784855664465887301402999721572023227 0.199824
850 1413363339785453381029892070391644319735125786032833554876651761991545028249645068139906314099861057046474219287849735203999628762697636 0.210769
851 2120045009678180071544838105587466479602688679049250332314977642987317542374467602209859471149791585569711328931774602805999443144046454 0.209285
852 3180067514517270107317257158381199719404033018573875498472466464480976313561701403314789206724687378354566993397661904208999164716069681 0.245645
853 4240090019356360143089676211174932959205377358098500664629955285974635084748935204419718942299583171139422657863549205611998886288092908 0.250979
854 6360135029034540214634514316762399438808066037147750996944932928961952627123402806629578413449374756709133986795323808417998329432139362 0.288213
855 9540202543551810321951771475143599158212099055721626495417399393442928940685104209944367620174062135063700980192985712626997494148209043 0.282541
856 12720270058069080429269028633524798877616132074295501993889865857923905254246805613259156826898749513418267973590647616835996658864278724 0.217315
857 19080405087103620643903542950287198316424198111443252990834798786885857881370208419888735240348124270127401960385971425253994988296418086 0.238739
858 28620607630655430965855314425430797474636297167164879486252198180328786822055312629833102860522186405191102940578957137880992482444627129 0.219541
859 38160810174207241287807085900574396632848396222886505981669597573771715762740416839777470480696248540254803920771942850507989976592836172 0.209626
860 57241215261310861931710628850861594949272594334329758972504396360657573644110625259666205721044372810382205881157914275761984964889254258 0.206057
861 85861822891966292897565943276292392423908891501494638458756594540986360466165937889499308581566559215573308821736871413642977447333881387 0.212340
862 114482430522621723863421257701723189898545188668659517945008792721315147288221250519332411442088745620764411762315828551523969929778508516 0.207189
863 171723645783932585795131886552584784847817783002989276917513189081972720932331875778998617163133118431146617643473742827285954894667762774 0.208759
864 257585468675898878692697829828877177271726674504483915376269783622959081398497813668497925744699677646719926465210614240928932342001644161 0.206831
865 343447291567865171590263773105169569695635566005978553835026378163945441864663751557997234326266236862293235286947485654571909789335525548 0.209630
866 515170937351797757385395659657754354543453349008967830752539567245918162796995627336995851489399355293439852930421228481857864684003288322 0.221941
867 772756406027696636078093489486631531815180023513451746128809350868877244195493441005493777234099032940159779395631842722786797026004932483 0.209148
868 1030341874703595514770791319315508709086906698017935661505079134491836325593991254673991702978798710586879705860842456963715729368006576644 0.211469
869 1545512812055393272156186978973263063630360047026903492257618701737754488390986882010987554468198065880319558791263685445573594052009864966 0.210996
870 2318269218083089908234280468459894595445540070540355238386428052606631732586480323016481331702297098820479338186895528168360391078014797449 0.210984
871 3091025624110786544312373957946526127260720094053806984515237403475508976781973764021975108936396131760639117582527370891147188104019729932 0.216503
872 4636538436166179816468560936919789190891080141080710476772856105213263465172960646032962663404594197640958676373791056336720782156029594898 0.212137
873 6954807654249269724702841405379683786336620211621065715159284157819895197759440969049443995106891296461438014560686584505081173234044392347 0.214842
874 9273076872332359632937121873839578381782160282161420953545712210426526930345921292065925326809188395281917352747582112673441564312059189796 0.214845
875 13909615308498539449405682810759367572673240423242131430318568315639790395518881938098887990213782592922876029121373169010162346468088784694 0.223243
876 20864422962747809174108524216139051359009860634863197145477852473459685593278322907148331985320673889384314043682059753515243519702133177041 0.212641
877 27819230616997078898811365621518735145346480846484262860637136631279580791037763876197775980427565185845752058242746338020324692936177569388 0.214012
878 41728845925495618348217048432278102718019721269726394290955704946919371186556645814296663970641347778768628087364119507030487039404266354082 0.227042
879 62593268888243427522325572648417154077029581904589591436433557420379056779834968721444995955962021668152942131046179260545730559106399531123 0.212731
880 83457691850991236696434096864556205436039442539452788581911409893838742373113291628593327941282695557537256174728239014060974078808532708164 0.220620
881 125186537776486855044651145296834308154059163809179182872867114840758113559669937442889991911924043336305884262092358521091461118212799062246 0.214703
882 187779806664730282566976717945251462231088745713768774309300672261137170339504906164334987867886065004458826393138537781637191677319198593369 0.215388
883 250373075552973710089302290593668616308118327618358365745734229681516227119339874885779983823848086672611768524184717042182922236425598124492 0.213838
884 375559613329460565133953435890502924462177491427537548618601344522274340679009812328669975735772130008917652786277075563274383354638397186738 0.214629
885 563339419994190847700930153835754386693266237141306322927902016783411511018514718493004963603658195013376479179415613344911575031957595780107 0.221815
886 751119226658921130267906871781005848924354982855075097237202689044548681358019624657339951471544260017835305572554151126548766709276794373476 0.217056
887 1126678839988381695401860307671508773386532474282612645855804033566823022037029436986009927207316390026752958358831226689823150063915191560214 0.218512
888 1690018259982572543102790461507263160079798711423918968783706050350234533055544155479014890810974585040129437538246840034734725095872787340321 0.217879
889 2253357679976763390803720615343017546773064948565225291711608067133646044074058873972019854414632780053505916717662453379646300127830383120428 0.222786
890 3380036519965145086205580923014526320159597422847837937567412100700469066111088310958029781621949170080258875076493680069469450191745574680642 0.219135
891 5070054779947717629308371384521789480239396134271756906351118151050703599166632466437044672432923755120388312614740520104204175287618362020963 0.222360
892 6760073039930290172411161846029052640319194845695675875134824201400938132222176621916059563243898340160517750152987360138938900383491149361284 0.219438
893 10140109559895435258616742769043578960478792268543513812702236302101407198333264932874089344865847510240776625229481040208408350575236724041926 0.220184
894 15210164339843152887925114153565368440718188402815270719053354453152110797499897399311134017298771265361164937844221560312612525862855086062889 0.311374
895 20280219119790870517233485538087157920957584537087027625404472604202814396666529865748178689731695020481553250458962080416816701150473448083852 0.276307
896 30420328679686305775850228307130736881436376805630541438106708906304221594999794798622268034597542530722329875688443120625225051725710172125778 0.239787
897 45630493019529458663775342460696105322154565208445812157160063359456332392499692197933402051896313796083494813532664680937837577588565258188667 0.300138
898 60840657359372611551700456614261473762872753611261082876213417812608443189999589597244536069195085061444659751376886241250450103451420344251556 0.372598
899 91260986039058917327550684921392210644309130416891624314320126718912664784999384395866804103792627592166989627065329361875675155177130516377334 0.229699
900 136891479058588375991326027382088315966463695625337436471480190078368997177499076593800206155688941388250484440597994042813512732765695774566001 0.230940
901 182521972078117834655101369842784421288618260833783248628640253437825329569998768791733608207585255184333979254130658723751350310354261032754668 0.299371
902 273782958117176751982652054764176631932927391250674872942960380156737994354998153187600412311377882776500968881195988085627025465531391549132002 0.342817
903 410674437175765127973978082146264947899391086876012309414440570235106991532497229781400618467066824164751453321793982128440538198297087323698003 0.529740
904 547565916234353503965304109528353263865854782501349745885920760313475988709996306375200824622755765553001937762391976171254050931062783098264004 0.358101
905 821348874351530255947956164292529895798782173752024618828881140470213983064994459562801236934133648329502906643587964256881076396594174647396006 0.339687
906 1232023311527295383921934246438794843698173260628036928243321710705320974597491689344201855401200472494254359965381946385321614594891261971094009 0.257164
907 1642697748703060511895912328585059791597564347504049237657762280940427966129988919125602473868267296659005813287175928513762152793188349294792012 0.261537
908 2464046623054590767843868492877589687396346521256073856486643421410641949194983378688403710802400944988508719930763892770643229189782523942188018 0.252903
909 3696069934581886151765802739316384531094519781884110784729965132115962923792475068032605566203601417482763079896145839155964843784673785913282027 0.253978
910 4928093246109181535687736985755179374792693042512147712973286842821283898389966757376807421604801889977017439861527785541286458379565047884376036 0.250485
911 7392139869163772303531605478632769062189039563768221569459930264231925847584950136065211132407202834965526159792291678311929687569347571826564054 0.249725
912 11088209803745658455297408217949153593283559345652332354189895396347888771377425204097816698610804252448289239688437517467894531354021357739846081 0.244495
913 14784279738327544607063210957265538124378079127536443138919860528463851695169900272130422264814405669931052319584583356623859375138695143653128108 0.259814
914 22176419607491316910594816435898307186567118691304664708379790792695777542754850408195633397221608504896578479376875034935789062708042715479692162 0.269913
915 33264629411236975365892224653847460779850678036956997062569686189043666314132275612293450095832412757344867719065312552403683594062064073219538243 0.262712
916 44352839214982633821189632871796614373134237382609329416759581585391555085509700816391266794443217009793156958753750069871578125416085430959384324 0.254280
917 66529258822473950731784449307694921559701356073913994125139372378087332628264551224586900191664825514689735438130625104807367188124128146439076486 0.257372
918 99793888233710926097676673961542382339552034110870991187709058567130998942396826836880350287497238272034603157195937657211050782186192219658614729 0.265175
919 133058517644947901463568898615389843119402712147827988250278744756174665256529102449173800383329651029379470876261250209614734376248256292878152972 0.263847
920 199587776467421852195353347923084764679104068221741982375418117134261997884793653673760700574994476544069206314391875314422101564372384439317229458 0.243548
921 299381664701132778293030021884627147018656102332612973563127175701392996827190480510641050862491714816103809471587812971633152346558576658975844187 0.260652
922 399175552934843704390706695846169529358208136443483964750836234268523995769587307347521401149988953088138412628783750628844203128744768878634458916 0.270444
923 598763329402265556586060043769254294037312204665225947126254351402785993654380961021282101724983429632207618943175625943266304693117153317951688374 0.334248
924 898144994103398334879090065653881441055968306997838920689381527104178990481571441531923152587475144448311428414763438914899457039675729976927532561 0.273489
925 1197526658804531113172120087538508588074624409330451894252508702805571987308761922042564203449966859264415237886351251886532609386234306635903376748 0.304579
926 1796289988206796669758180131307762882111936613995677841378763054208357980963142883063846305174950288896622856829526877829798914079351459953855065122 0.266577
927 2694434982310195004637270196961644323167904920993516762068144581312536971444714324595769457762425433344934285244290316744698371119027189930782597683 0.277585
928 3592579976413593339516360262615525764223873227991355682757526108416715961926285766127692610349900577793245713659053755659597828158702919907710130244 0.266947
929 5388869964620390009274540393923288646335809841987033524136289162625073942889428649191538915524850866689868570488580633489396742238054379861565195366 0.302068
930 8083304946930585013911810590884932969503714762980550286204433743937610914334142973787308373287276300034802855732870950234095113357081569792347793049 0.264320
931 10777739929240780018549080787846577292671619683974067048272578325250147885778857298383077831049701733379737140977161266978793484476108759723130390732 0.271183
932 16166609893861170027823621181769865939007429525961100572408867487875221828668285947574616746574552600069605711465741900468190226714163139584695586098 0.259250
933 24249914840791755041735431772654798908511144288941650858613301231812832743002428921361925119861828900104408567198612850702285340071244709377043379147 0.275975
934 32333219787722340055647242363539731878014859051922201144817734975750443657336571895149233493149105200139211422931483800936380453428326279169391172196 0.256471
935 48499829681583510083470863545309597817022288577883301717226602463625665486004857842723850239723657800208817134397225701404570680142489418754086758294 0.420695
936 72749744522375265125206295317964396725533432866824952575839903695438498229007286764085775359585486700313225701595838552106856020213734128131130137441 0.346369
937 96999659363167020166941727090619195634044577155766603434453204927251330972009715685447700479447315600417634268794451402809141360284978837508173516588 0.284580
938 145499489044750530250412590635928793451066865733649905151679807390876996458014573528171550719170973400626451403191677104213712040427468256262260274882 0.362347
939 218249233567125795375618885953893190176600298600474857727519711086315494687021860292257326078756460100939677104787515656320568060641202384393390412323 0.378558
940 290998978089501060500825181271857586902133731467299810303359614781753992916029147056343101438341946801252902806383354208427424080854936512524520549764 0.317922
941 436498467134251590751237771907786380353200597200949715455039422172630989374043720584514652157512920201879354209575031312641136121282404768786780824646 0.307093
942 654747700701377386126856657861679570529800895801424573182559133258946484061065580876771978236269380302819031314362546968961704181923607153180171236969 0.309450
943 872996934268503181502475543815572760706401194401899430910078844345261978748087441169029304315025840403758708419150062625282272242564809537573561649292 0.308489
944 1309495401402754772253713315723359141059601791602849146365118266517892968122131161753543956472538760605638062628725093937923408363847214306360342473938 0.358174
945 1964243102104132158380569973585038711589402687404273719547677399776839452183196742630315934708808140908457093943087640906885112545770821459540513710907 0.475811
946 2618990802805509544507426631446718282119203583205698292730236533035785936244262323507087912945077521211276125257450187875846816727694428612720684947876 0.328576
947 3928486204208264316761139947170077423178805374808547439095354799553678904366393485260631869417616281816914187886175281813770225091541642919081027421814 0.367477
948 5892729306312396475141709920755116134768208062212821158643032199330518356549590227890947804126424422725371281829262922720655337637312464378621541132721 0.324052
949 7856972408416528633522279894340154846357610749617094878190709599107357808732786970521263738835232563633828375772350563627540450183083285838162054843628 0.283166
950 11785458612624792950283419841510232269536416124425642317286064398661036713099180455781895608252848845450742563658525845441310675274624928757243082265442 0.307516
951 17678187918937189425425129762265348404304624186638463475929096597991555069648770683672843412379273268176113845487788768161966012911937393135864623398163 0.343291
952 23570917225249585900566839683020464539072832248851284634572128797322073426198360911563791216505697690901485127317051690882621350549249857514486164530884 0.317993
953 35356375837874378850850259524530696808609248373276926951858193195983110139297541367345686824758546536352227690975577536323932025823874786271729246796326 0.314641
954 53034563756811568276275389286796045212913872559915390427787289793974665208946312051018530237137819804528341536463366304485898038735812179407593870194489 0.318217
955 70712751675748757701700519049061393617218496746553853903716386391966220278595082734691373649517093072704455381951155072647864051647749572543458493592652 0.316057
956 106069127513623136552550778573592090425827745119830780855574579587949330417892624102037060474275639609056683072926732608971796077471624358815187740388978 0.302592
957 159103691270434704828826167860388135638741617679746171283361869381923995626838936153055590711413459413585024609390098913457694116207436538222781610583467 0.293888
958 212138255027246273105101557147184180851655490239661561711149159175898660835785248204074120948551279218113366145853465217943592154943248717630375480777956 0.316645
959 318207382540869409657652335720776271277483235359492342566723738763847991253677872306111181422826918827170049218780197826915388232414873076445563221166934 0.317250
960 477311073811304114486478503581164406916224853039238513850085608145771986880516808459166772134240378240755073828170296740373082348622309614668344831750401 0.322946
961 636414765081738819315304671441552542554966470718984685133447477527695982507355744612222362845653837654340098437560395653830776464829746152891126442333868 0.307247
962 954622147622608228972957007162328813832449706078477027700171216291543973761033616918333544268480756481510147656340593480746164697244619229336689663500802 0.330710
963 1431933221433912343459435510743493220748674559117715541550256824437315960641550425377500316402721134722265221484510890221119247045866928844005034495251203 0.317118
964 1909244295245216457945914014324657627664899412156954055400342432583087947522067233836667088536961512963020295312681186961492329394489238458673379327001604 0.292187
965 2863866442867824686918871021486986441497349118235431083100513648874631921283100850755000632805442269444530442969021780442238494091733857688010068990502406 0.304738
966 4295799664301737030378306532230479662246023677353146624650770473311947881924651276132500949208163404166795664453532670663357741137600786532015103485753609 0.305120
967 5727732885735649373837742042973972882994698236470862166201027297749263842566201701510001265610884538889060885938043560884476988183467715376020137981004812 0.303164
968 8591599328603474060756613064460959324492047354706293249301540946623895763849302552265001898416326808333591328907065341326715482275201573064030206971507218 0.329021
969 12887398992905211091134919596691438986738071032059439873952311419935843645773953828397502847624490212500386993360598011990073223412802359596045310457260827 0.308421
970 17183198657206948121513226128921918648984094709412586498603081893247791527698605104530003796832653616667182657814130682653430964550403146128060413943014436 0.286022
971 25774797985810422182269839193382877973476142064118879747904622839871687291547907656795005695248980425000773986721196023980146446825604719192090620914521654 0.337167
972 38662196978715633273404758790074316960214213096178319621856934259807530937321861485192508542873470637501160980081794035970219670238407078788135931371782481 0.369292
973 51549595971620844364539678386765755946952284128237759495809245679743374583095815313590011390497960850001547973442392047960292893651209438384181241829043308 0.288323
974 77324393957431266546809517580148633920428426192356639243713868519615061874643722970385017085746941275002321960163588071940439340476814157576271862743564962 0.314571
975 115986590936146899820214276370222950880642639288534958865570802779422592811965584455577525628620411912503482940245382107910659010715221236364407794115347443 0.291033
976 154648787914862533093619035160297267840856852384713278487427737039230123749287445940770034171493882550004643920327176143880878680953628315152543725487129924 0.321107
977 231973181872293799640428552740445901761285278577069917731141605558845185623931168911155051257240823825006965880490764215821318021430442472728815588230694886 0.325976
978 347959772808440699460642829110668852641927917865604876596712408338267778435896753366732576885861235737510448820736146323731977032145663709093223382346042329 0.322269
979 463946363744587599280857105480891803522570557154139835462283211117690371247862337822310102514481647650013931760981528431642636042860884945457631176461389772 0.293064
980 695919545616881398921285658221337705283855835731209753193424816676535556871793506733465153771722471475020897641472292647463954064291327418186446764692084658 0.292709
981 1043879318425322098381928487332006557925783753596814629790137225014803335307690260100197730657583707212531346462208438971195931096436991127279670147038126987 0.295831
982 1391839091233762797842571316442675410567711671462419506386849633353071113743587013466930307543444942950041795282944585294927908128582654836372893529384169316 0.290285
983 2087758636850644196763856974664013115851567507193629259580274450029606670615380520200395461315167414425062692924416877942391862192873982254559340294076253974 0.295983
984 3131637955275966295145785461996019673777351260790443889370411675044410005923070780300593191972751121637594039386625316913587793289310973381839010441114380961 0.281365
985 4175517273701288393527713949328026231703135014387258519160548900059213341230761040400790922630334828850125385848833755884783724385747964509118680588152507948 0.337878
986 6263275910551932590291570923992039347554702521580887778740823350088820011846141560601186383945502243275188078773250633827175586578621946763678020882228761922 0.312335
987 9394913865827898885437356385988059021332053782371331668111235025133230017769212340901779575918253364912782118159875950740763379867932920145517031323343142883 0.327658
988 12526551821103865180583141847984078695109405043161775557481646700177640023692283121202372767891004486550376157546501267654351173157243893527356041764457523844 0.302863
989 18789827731655797770874712771976118042664107564742663336222470050266460035538424681803559151836506729825564236319751901481526759735865840291034062646686285766 0.315252
990 28184741597483696656312069157964177063996161347113995004333705075399690053307637022705338727754760094738346354479627852222290139603798760436551093970029428649 0.309262
991 37579655463311595541749425543952236085328215129485326672444940100532920071076849363607118303673013459651128472639503802963053519471731680582068125293372571532 0.340645
992 56369483194967393312624138315928354127992322694227990008667410150799380106615274045410677455509520189476692708959255704444580279207597520873102187940058857298 0.345283
993 84554224792451089968936207473892531191988484041341985013001115226199070159922911068116016183264280284215039063438883556666870418811396281309653281910088285947 0.316849
994 112738966389934786625248276631856708255984645388455980017334820301598760213230548090821354911019040378953385417918511408889160558415195041746204375880117714596 0.335194
995 169108449584902179937872414947785062383976968082683970026002230452398140319845822136232032366528560568430078126877767113333740837622792562619306563820176571894 0.333462
996 253662674377353269906808622421677593575965452124025955039003345678597210479768733204348048549792840852645117190316650670000611256434188843928959845730264857841 0.304694
997 338216899169804359875744829895570124767953936165367940052004460904796280639691644272464064733057121136860156253755534226667481675245585125238613127640353143788 0.327861
998 507325348754706539813617244843355187151930904248051910078006691357194420959537466408696097099585681705290234380633301340001222512868377687857919691460529715682 0.322089
999 760988023132059809720425867265032780727896356372077865117010037035791631439306199613044145649378522557935351570949952010001833769302566531786879537190794573523 0.325393
